month   interest  principle total_paid
   61    2083.33  499597.22    2486.11
   62    2081.66  499192.77    4972.22
   63    2079.97  498786.63    7458.33
   64    2078.28  498378.80    9944.44
   65    2076.58  497969.26   12430.55
   66    2074.87  497558.03   14916.66
   67    2073.16  497145.07   17402.77
   68    2071.44  496730.40   19888.88
   69    2069.71  496314.00   22374.99
   70    2067.98  495895.87   24861.10
   71    2066.23  495475.99   27347.21
   72    2064.48  495054.36   29833.32
   73    2062.73  494630.98   32319.43
   74    2060.96  494205.83   34805.54
   75    2059.19  493778.91   37291.65
   76    2057.41  493350.22   39777.76
   77    2055.63  492919.73   42263.87
   78    2053.83  492487.45   44749.98
   79    2052.03  492053.37   47236.09
   80    2050.22  491617.49   49722.20
   81    2048.41  491179.78   52208.31
   82    2046.58  490740.26   54694.42
   83    2044.75  490298.90   57180.53
   84    2042.91  489855.70   59666.64
   85    2041.07  489410.65   62152.75
   86    2039.21  488963.76   64638.86
   87    2037.35  488514.99   67124.97
   88    2035.48  488064.36   69611.08
   89    2033.60  487611.85   72097.19
   90    2031.72  487157.46   74583.30
   91    2029.82  486701.17   77069.41
   92    2027.92  486242.99   79555.52
   93    2026.01  485782.89   82041.63
   94    2024.10  485320.87   84527.74
   95    2022.17  484856.93   87013.85
   96    2020.24  484391.06   89499.96
   97    2018.30  483923.25   91986.07
   98    2016.35  483453.48   94472.18
   99    2014.39  482981.76   96958.29
  100    2012.42  482508.08   99444.40
  101    2010.45  482032.42  101930.51
  102    2008.47  481554.78  104416.62
  103    2006.48  481075.14  106902.73
  104    2004.48  480593.51  109388.84
  105    2002.47  480109.88  111874.95
  106    2000.46  479624.22  114361.06
  107    1998.43  479136.55  116847.17
  108    1996.40  478646.84  119333.28
  109    1994.36  478155.09  121819.39
  110    1992.31  477661.30  124305.50
  111    1990.26  477165.44  126791.61
  112    1988.19  476667.52  129277.72
  113    1986.11  476167.53  131763.83
  114    1984.03  475665.45  134249.94
  115    1981.94  475161.28  136736.05
  116    1979.84  474655.00  139222.16
  117    1977.73  474146.62  141708.27
  118    1975.61  473636.12  144194.38
  119    1973.48  473123.50  146680.49
  120    1971.35  472608.74  149166.60
  121    1969.20  472091.83  151652.71
  122    1967.05  471572.77  154138.82
  123    1964.89  471051.55  156624.93
  124    1962.71  470528.15  159111.04
  125    1960.53  470002.57  161597.15
  126    1958.34  469474.81  164083.26
  127    1956.15  468944.84  166569.37
  128    1953.94  468412.67  169055.48
  129    1951.72  467878.28  171541.59
  130    1949.49  467341.66  174027.70
  131    1947.26  466802.81  176513.81
  132    1945.01  466261.71  178999.92
  133    1942.76  465718.36  181486.03
  134    1940.49  465172.74  183972.14
  135    1938.22  464624.85  186458.25
  136    1935.94  464074.68  188944.36
  137    1933.64  463522.21  191430.47
  138    1931.34  462967.45  193916.58
  139    1929.03  462410.37  196402.69
  140    1926.71  461850.97  198888.80
  141    1924.38  461289.24  201374.91
  142    1922.04  460725.16  203861.02
  143    1919.69  460158.74  206347.13
  144    1917.33  459589.96  208833.24
  145    1914.96  459018.81  211319.35
  146    1912.58  458445.28  213805.46
  147    1910.19  457869.35  216291.57
  148    1907.79  457291.03  218777.68
  149    1905.38  456710.30  221263.79
  150    1902.96  456127.15  223749.90
  151    1900.53  455541.57  226236.01
  152    1898.09  454953.55  228722.12
  153    1895.64  454363.08  231208.23
  154    1893.18  453770.15  233694.34
  155    1890.71  453174.75  236180.45
  156    1888.23  452576.87  238666.56
  157    1885.74  451976.50  241152.67
  158    1883.24  451373.62  243638.78
  159    1880.72  450768.23  246124.89
  160    1878.20  450160.33  248611.00
  161    1875.67  449549.88  251097.11
  162    1873.12  448936.90  253583.22
  163    1870.57  448321.36  256069.33
  164    1868.01  447703.25  258555.44
  165    1865.43  447082.57  261041.55
  166    1862.84  446459.31  263527.66
  167    1860.25  445833.45  266013.77
  168    1857.64  445204.98  268499.88
  169    1855.02  444573.89  270985.99
  170    1852.39  443940.17  273472.10
  171    1849.75  443303.81  275958.21
  172    1847.10  442664.80  278444.32
  173    1844.44  442023.12  280930.43
  174    1841.76  441378.78  283416.54
  175    1839.08  440731.74  285902.65
  176    1836.38  440082.02  288388.76
  177    1833.68  439429.58  290874.87
  178    1830.96  438774.43  293360.98
  179    1828.23  438116.55  295847.09
  180    1825.49  437455.92  298333.20
  181    1822.73  436792.54  300819.31
  182    1819.97  436126.40  303305.42
  183    1817.19  435457.49  305791.53
  184    1814.41  434785.78  308277.64
  185    1811.61  434111.28  310763.75
  186    1808.80  433433.97  313249.86
  187    1805.97  432753.83  315735.97
  188    1803.14  432070.86  318222.08
  189    1800.30  431385.05  320708.19
  190    1797.44  430696.38  323194.30
  191    1794.57  430004.83  325680.41
  192    1791.69  429310.41  328166.52
  193    1788.79  428613.09  330652.63
  194    1785.89  427912.87  333138.74
  195    1782.97  427209.73  335624.85
  196    1780.04  426503.66  338110.96
  197    1777.10  425794.65  340597.07
  198    1774.14  425082.69  343083.18
  199    1771.18  424367.75  345569.29
  200    1768.20  423649.84  348055.40
  201    1765.21  422928.94  350541.51
  202    1762.20  422205.03  353027.62
  203    1759.19  421478.11  355513.73
  204    1756.16  420748.16  357999.84
  205    1753.12  420015.17  360485.95
  206    1750.06  419279.12  362972.06
  207    1747.00  418540.01  365458.17
  208    1743.92  417797.81  367944.28
  209    1740.82  417052.53  370430.39
  210    1737.72  416304.14  372916.50
  211    1734.60  415552.63  375402.61
  212    1731.47  414797.99  377888.72
  213    1728.32  414040.20  380374.83
  214    1725.17  413279.26  382860.94
  215    1722.00  412515.15  385347.05
  216    1718.81  411747.85  387833.16
  217    1715.62  410977.36  390319.27
  218    1712.41  410203.65  392805.38
  219    1709.18  409426.72  395291.49
  220    1705.94  408646.56  397777.60
  221    1702.69  407863.14  400263.71
  222    1699.43  407076.46  402749.82
  223    1696.15  406286.50  405235.93
  224    1692.86  405493.25  407722.04
  225    1689.56  404696.70  410208.15
  226    1686.24  403896.83  412694.26
  227    1682.90  403093.62  415180.37
  228    1679.56  402287.07  417666.48
  229    1676.20  401477.15  420152.59
  230    1672.82  400663.86  422638.70
  231    1669.43  399847.19  425124.81
  232    1666.03  399027.11  427610.92
  233    1662.61  398203.61  430097.03
  234    1659.18  397376.68  432583.14
  235    1655.74  396546.31  435069.25
  236    1652.28  395712.47  437555.36
  237    1648.80  394875.17  440041.47
  238    1645.31  394034.37  442527.58
  239    1641.81  393190.07  445013.69
  240    1638.29  392342.25  447499.80
  241    1634.76  391490.90  449985.91
  242    1631.21  390636.00  452472.02
  243    1627.65  389777.54  454958.13
  244    1624.07  388915.50  457444.24
  245    1620.48  388049.88  459930.35
  246    1616.87  387180.64  462416.46
  247    1613.25  386307.78  464902.57
  248    1609.62  385431.29  467388.68
  249    1605.96  384551.14  469874.79
  250    1602.30  383667.33  472360.90
  251    1598.61  382779.83  474847.01
  252    1594.92  381888.64  477333.12
  253    1591.20  380993.73  479819.23
  254    1587.47  380095.10  482305.34
  255    1583.73  379192.72  484791.45
  256    1579.97  378286.57  487277.56
  257    1576.19  377376.66  489763.67
  258    1572.40  376462.95  492249.78
  259    1568.60  375545.44  494735.89
  260    1564.77  374624.10  497222.00
  261    1560.93  373698.92  499708.11
  262    1557.08  372769.89  502194.22
  263    1553.21  371836.99  504680.33
  264    1549.32  370900.20  507166.44
  265    1545.42  369959.51  509652.55
  266    1541.50  369014.90  512138.66
  267    1537.56  368066.35  514624.77
  268    1533.61  367113.85  517110.88
  269    1529.64  366157.38  519596.99
  270    1525.66  365196.93  522083.10
  271    1521.65  364232.47  524569.21
  272    1517.64  363263.99  527055.32
  273    1513.60  362291.48  529541.43
  274    1509.55  361314.92  532027.54
  275    1505.48  360334.29  534513.65
  276    1501.39  359349.57  536999.76
  277    1497.29  358360.75  539485.87
  278    1493.17  357367.81  541971.98
  279    1489.03  356370.74  544458.09
  280    1484.88  355369.50  546944.20
  281    1480.71  354364.10  549430.31
  282    1476.52  353354.51  551916.42
  283    1472.31  352340.71  554402.53
  284    1468.09  351322.68  556888.64
  285    1463.84  350300.42  559374.75
  286    1459.59  349273.89  561860.86
  287    1455.31  348243.09  564346.97
  288    1451.01  347207.99  566833.08
  289    1446.70  346168.58  569319.19
  290    1442.37  345124.84  571805.30
  291    1438.02  344076.75  574291.41
  292    1433.65  343024.30  576777.52
  293    1429.27  341967.45  579263.63
  294    1424.86  340906.21  581749.74
  295    1420.44  339840.54  584235.85
  296    1416.00  338770.43  586721.96
  297    1411.54  337695.87  589208.07
  298    1407.07  336616.82  591694.18
  299    1402.57  335533.28  594180.29
  300    1398.06  334445.23  596666.40
  301    1393.52  333352.64  599152.51
  302    1388.97  332255.50  601638.62
  303    1384.40  331153.79  604124.73
  304    1379.81  330047.49  606610.84
  305    1375.20  328936.57  609096.95
  306    1370.57  327821.03  611583.06
  307    1365.92  326700.84  614069.17
  308    1361.25  325575.99  616555.28
  309    1356.57  324446.44  619041.39
  310    1351.86  323312.19  621527.50
  311    1347.13  322173.22  624013.61
  312    1342.39  321029.50  626499.72
  313    1337.62  319881.01  628985.83
  314    1332.84  318727.74  631471.94
  315    1328.03  317569.66  633958.05
  316    1323.21  316406.76  636444.16
  317    1318.36  315239.01  638930.27
  318    1313.50  314066.39  641416.38
  319    1308.61  312888.89  643902.49
  320    1303.70  311706.49  646388.60
  321    1298.78  310519.15  648874.71
  322    1293.83  309326.87  651360.82
  323    1288.86  308129.63  653846.93
  324    1283.87  306927.39  656333.04
  325    1278.86  305720.14  658819.15
  326    1273.83  304507.87  661305.26
  327    1268.78  303290.54  663791.37
  328    1263.71  302068.14  666277.48
  329    1258.62  300840.65  668763.59
  330    1253.50  299608.04  671249.70
  331    1248.37  298370.30  673735.81
  332    1243.21  297127.40  676221.92
  333    1238.03  295879.32  678708.03
  334    1232.83  294626.04  681194.14
  335    1227.61  293367.54  683680.25
  336    1222.36  292103.79  686166.36
  337    1217.10  290834.78  688652.47
  338    1211.81  289560.48  691138.58
  339    1206.50  288280.87  693624.69
  340    1201.17  286995.93  696110.80
  341    1195.82  285705.64  698596.91
  342    1190.44  284409.97  701083.02
  343    1185.04  283108.90  703569.13
  344    1179.62  281802.41  706055.24
  345    1174.18  280490.48  708541.35
  346    1168.71  279173.08  711027.46
  347    1163.22  277850.19  713513.57
  348    1157.71  276521.79  715999.68
  349    1152.17  275187.85  718485.79
  350    1146.62  273848.36  720971.90
  351    1141.03  272503.29  723458.01
  352    1135.43  271152.61  725944.12
  353    1129.80  269796.30  728430.23
  354    1124.15  268434.34  730916.34
  355    1118.48  267066.71  733402.45
  356    1112.78  265693.37  735888.56
  357    1107.06  264314.32  738374.67
  358    1101.31  262929.52  740860.78
  359    1095.54  261538.95  743346.89
  360    1089.75  260142.58  745833.00
  361    1083.93  258740.40  748319.11
  362    1078.09  257332.38  750805.22
  363    1072.22  255918.49  753291.33
  364    1066.33  254498.70  755777.44
  365    1060.41  253073.00  758263.55
  366    1054.47  251641.36  760749.66
  367    1048.51  250203.76  763235.77
  368    1042.52  248760.17  765721.88
  369    1036.50  247310.56  768207.99
  370    1030.46  245854.91  770694.10
  371    1024.40  244393.19  773180.21
  372    1018.30  242925.39  775666.32
  373    1012.19  241451.47  778152.43
  374    1006.05  239971.40  780638.54
  375     999.88  238485.18  783124.65
  376     993.69  236992.75  785610.76
  377     987.47  235494.11  788096.87
  378     981.23  233989.23  790582.98
  379     974.96  232478.07  793069.09
  380     968.66  230960.62  795555.20
  381     962.34  229436.85  798041.31
  382     955.99  227906.73  800527.42
  383     949.61  226370.23  803013.53
  384     943.21  224827.33  805499.64
  385     936.78  223278.00  807985.75
  386     930.32  221722.21  810471.86
  387     923.84  220159.94  812957.97
  388     917.33  218591.17  815444.08
  389     910.80  217015.85  817930.19
  390     904.23  215433.98  820416.30
  391     897.64  213845.51  822902.41
  392     891.02  212250.42  825388.52
  393     884.38  210648.69  827874.63
  394     877.70  209040.28  830360.74
  395     871.00  207425.17  832846.85
  396     864.27  205803.33  835332.96
  397     857.51  204174.74  837819.07
  398     850.73  202539.36  840305.18
  399     843.91  200897.16  842791.29
  400     837.07  199248.12  845277.40
  401     830.20  197592.21  847763.51
  402     823.30  195929.40  850249.62
  403     816.37  194259.66  852735.73
  404     809.42  192582.97  855221.84
  405     802.43  190899.29  857707.95
  406     795.41  189208.59  860194.06
  407     788.37  187510.85  862680.17
  408     781.30  185806.04  865166.28
  409     774.19  184094.12  867652.39
  410     767.06  182375.07  870138.50
  411     759.90  180648.85  872624.61
  412     752.70  178915.45  875110.72
  413     745.48  177174.82  877596.83
  414     738.23  175426.94  880082.94
  415     730.95  173671.77  882569.05
  416     723.63  171909.29  885055.16
  417     716.29  170139.47  887541.27
  418     708.91  168362.28  890027.38
  419     701.51  166577.68  892513.49
  420     694.07  164785.64  894999.60
  421     686.61  162986.14  897485.71
  422     679.11  161179.14  899971.82
  423     671.58  159364.61  902457.93
  424     664.02  157542.52  904944.04
  425     656.43  155712.83  907430.15
  426     648.80  153875.53  909916.26
  427     641.15  152030.56  912402.37
  428     633.46  150177.92  914888.48
  429     625.74  148317.55  917374.59
  430     617.99  146449.43  919860.70
  431     610.21  144573.52  922346.81
  432     602.39  142689.80  924832.92
  433     594.54  140798.23  927319.03
  434     586.66  138898.78  929805.14
  435     578.74  136991.42  932291.25
  436     570.80  135076.10  934777.36
  437     562.82  133152.81  937263.47
  438     554.80  131221.50  939749.58
  439     546.76  129282.15  942235.69
  440     538.68  127334.72  944721.80
  441     530.56  125379.17  947207.91
  442     522.41  123415.47  949694.02
  443     514.23  121443.59  952180.13
  444     506.01  119463.50  954666.24
  445     497.76  117475.15  957152.35
  446     489.48  115478.52  959638.46
  447     481.16  113473.57  962124.57
  448     472.81  111460.27  964610.68
  449     464.42  109438.58  967096.79
  450     455.99  107408.46  969582.90
  451     447.54  105369.89  972069.01
  452     439.04  103322.82  974555.12
  453     430.51  101267.22  977041.23
  454     421.95   99203.06  979527.34
  455     413.35   97130.29  982013.45
  456     404.71   95048.89  984499.56
  457     396.04   92958.82  986985.67
  458     387.33   90860.04  989471.78
  459     378.58   88752.51  991957.89
  460     369.80   86636.20  994444.00
  461     360.98   84511.08  996930.11
  462     352.13   82377.10  999416.22
  463     343.24   80234.22 1001902.33
  464     334.31   78082.42 1004388.44
  465     325.34   75921.66 1006874.55
  466     316.34   73751.89 1009360.66
  467     307.30   71573.08 1011846.77
  468     298.22   69385.19 1014332.88
  469     289.10   67188.18 1016818.99
  470     279.95   64982.02 1019305.10
  471     270.76   62766.67 1021791.21
  472     261.53   60542.09 1024277.32
  473     252.26   58308.24 1026763.43
  474     242.95   56065.08 1029249.54
  475     233.60   53812.57 1031735.65
  476     224.22   51550.68 1034221.76
  477     214.79   49279.37 1036707.87
  478     205.33   46998.59 1039193.98
  479     195.83   44708.31 1041680.09
  480     186.28   42408.48 1044166.20
  481     176.70   40099.07 1046652.31
  482     167.08   37780.04 1049138.42
  483     157.42   35451.35 1051624.53
  484     147.71   33112.95 1054110.64
  485     137.97   30764.81 1056596.75
  486     128.19   28406.89 1059082.86
  487     118.36   26039.14 1061568.97
  488     108.50   23661.53 1064055.08
  489      98.59   21274.01 1066541.19
  490      88.64   18876.54 1069027.30
  491      78.65   16469.08 1071513.41
  492      68.62   14051.59 1073999.52
  493      58.55   11624.03 1076485.63
  494      48.43    9186.35 1078971.74
  495      38.28    6738.52 1081457.85
  496      28.08    4280.49 1083943.96
  497      17.84    1812.21 1086430.07
  498       7.55    -666.35 1088916.18
